1 11
2 2
2 3
2 4
2 6
2 7 
2 8
2 9
2 11
2 13
2 14
2 15
2 16
2 18
2 19
2 20

3 2
3 3
3 4
3 6
3 7 
3 8
3 9
3 11
3 13
3 14
3 15
3 16
3 18
3 19
3 20

5 1
5 2
5 3
5 5
5 7
5 9
5 10
5 11
5 12
5 13
5 15
5 17
5 19
5 20
5 21

6 1
6 2
6 3
6 5
6 7
6 11
6 15
6 17
6 19
6 20
6 21
6 22

7 1
7 2
7 3
7 5
7 7
7 8
7 9
7 11
7 13
7 14
7 15
7 17
7 19
7 20
7 21
7 22

8 1
8 2
8 3
8 7
8 15
8 19
8 20
8 21
8 22

9 1
9 2
9 3
9 5
9 7
9 9
9 10
9 12
9 13
9 15
9 17
9 19
9 20
9 21
9 22

10 5
10 9
10 13
10 17
10 22

11 2
11 3
11 4
11 5
11 7
11 9
11 10
11 11
11 12
11 13
11 15
11 17
11 18
11 19
11 20
11 22

12 7
12 15
12 22

13 2
13 4
13 5
13 7
13 9
13 10
13 11
13 12
13 13
13 15
13 17
13 18
13 20
13 22

14 2
14 5
14 17
14 20
14 22

15 2
15 3
15 5
15 7
15 8
15 9
15 10
15 12
15 13
15 14
15 15
15 17
15 19
15 20
15 22

16 5
16 9
16 13
16 17
16 22

17 2
17 3
17 4
17 5
17 6
17 7
17 9
17 11
17 13
17 15
17 16
17 17
17 18
17 19
17 20
17 22

18 11
18 22

19 1
19 2
19 3
19 5
19 6
19 7
19 9
19 10
19 11
19 12
19 13
19 15
19 16
19 17
19 19
19 20
19 21
19 22

20 7
20 11
20 15
20 22

21 2
21 3
21 4
21 5
21 7
21 8
21 9
21 11
21 13
21 14
21 15
21 17
21 18
21 19
21 20
21 22

22 2
22 3
22 4
22 5
22 7
22 8
22 9
22 11
22 13
22 14
22 15
22 17
22 18
22 19
22 20
22 22

23 22

24 1
24 2
24 3
24 4
24 5
24 6
24 7
24 8
24 9
24 10
24 11
24 12
24 13
24 14
24 15
24 16
24 17
24 18
24 19
24 20
24 21
24 22